0.031
0.024
0.018
0.029
0.03
0.022
0.018
0.029
0.02
0.03
0.027
0.019
0.023
0.021
0.02
0.032
0.027
0.019
0.042
0.042
0.022
0.032
0.02
0.041
0.044
0.032
0.024
0.022
0.047
0.028
0.057
0.047
0.036
0.031
0.023
0.041
0.02
0.058
0.026
0.058
0.037
0.03
0.028
0.059
0.021
0.068
0.039
0.028
0.077
0.063
0.025
0.026
0.063
0.064
0.047
0.057
0.047
0.043
0.051
0.022
0.072
0.057
0.024
0.086
0.027
0.085
0.085
0.048
0.137
0.03
0.054
0.038
0.039
0.038
0.043
0.04
0.036
0.089
0.028
0.089
0.09
0.091
0.03
0.1
0.045
0.093
0.031
0.084
0.065
0.054
0.088
0.078
0.056
0.105
0.039
0.113
0.044
0.032
0.035
0.037
0.074
0.026
0.112
0.146
0.082
0.131
0.137
0.128
0.06
0.067
0.098
0.136
0.032
0.135
0.113
0.086
0.134
0.06
0.125
0.142
0.157
0.064
0.117
0.152
0.112
0.052
0.043
0.044
0.033
0.041
0.066
0.057
0.126
0.034
0.03
0.142
0.182
0.089
0.032
0.157
0.096
0.039
0.072
0.144
0.054
0.179
0.056
0.034
0.127
0.098
0.056
0.132
0.138
0.155
0.044
0.2
0.116
0.153
0.047
0.172
0.041
0.058
0.042
0.045
0.071
0.144
0.094
0.05
0.071
0.092
0.086
0.046
0.195
0.147
0.032
0.061
0.186
0.186
0.16
0.148
0.067
0.077
0.125
0.052
0.077
0.226
0.158
0.094
0.188
0.209
0.09
0.062
0.104
0.222
0.203
0.051
0.102
0.036
0.139
0.146
0.229
0.065
0.044
0.205
0.039
0.187
0.051
0.228
0.159
0.076
0.061
0.07
0.062
0.062
0.037
0.045
0.104
0.143
0.154
0.104
0.256
0.098
0.039
0.233
0.059
0.167
0.061
0.21
0.187
0.083
0.236
0.15
0.073
0.046
0.083
0.154
0.06
0.194
0.199
0.188
0.075
0.157
0.05
0.091
0.192
0.115
0.046
0.256
0.163
0.201
0.187
0.056
0.236
0.066
0.137
0.251
0.107
0.257
0.045
0.337
0.126
0.118
0.284
0.35
0.151
0.203
0.071
0.058
0.244
0.163
0.194
0.071
0.312
0.088
0.063
0.271
0.094
0.125
0.084
0.118
0.075
0.364
0.118
0.378
0.422
0.094
0.105
0.211
0.322
0.096
0.073
0.318
0.314
0.427
0.43
0.23
0.135
0.191
0.145
0.431
0.401
0.472
0.105
0.14
0.169
0.08
0.108
0.068
0.103
0.319
0.133
0.126
0.166
0.361
0.19
0.095
0.095
0.108
0.068
0.064
0.278
0.152
0.466
0.081
0.088
0.099
0.106
0.259
0.124
0.195
0.21
0.145
0.101
0.25
0.148
0.375
0.188
0.073
0.096
0.066
0.058
0.062
0.329
0.081
0.322
0.329
0.24
0.119
0.239
0.214
0.182
0.042
0.074
0.228
0.18
0.082
0.106
0.051
0.373
0.062
0.108
0.394
0.106
0.235
0.229
0.279
0.08
0.333
0.31
0.22
0.329
0.317
0.057
0.078
0.281
0.359
0.17
0.306
0.138
0.427
0.329
0.176
0.311
0.408
0.282
0.082
0.376
0.081
0.142
0.513
0.13
0.113
0.069
0.289
0.104
0.355
0.144
0.081
0.284
0.069
0.224
0.109
0.067
0.152
0.084
0.465
0.079
0.241
0.31
0.087
0.062
0.249
0.103
0.165
0.072
0.104
0.103
0.078
0.225
0.495
0.464
0.198
0.066
0.306
0.317
0.315
0.36
0.118
0.081
0.058
0.306
0.285
0.456
0.294
0.071
0.442
0.284
0.068
0.051
0.059
0.07
0.414
0.494
0.57
0.537
0.197
0.177
0.152
0.124
0.466
0.324
0.239
0.122
0.443
0.257
0.326
0.195
0.056
0.072
0.208
0.417
0.49
0.319
0.411
0.46
0.055
0.44
0.075
0.352
0.188
0.475
0.083
0.41
0.35
0.367
0.26
0.052
0.52
0.085
0.145
0.423
0.349
0.098
0.473
0.454
0.366
0.117
0.332
0.127
0.093
0.097
0.069
0.446
0.555
0.254
0.109
0.076
0.499
0.144
0.1
0.446
0.129
0.057
0.328
0.527
0.55
0.099
0.052
0.465
0.4
0.144
0.381
0.296
0.529
0.161
0.062
0.376
0.069
0.095
0.453
0.549
0.101
0.417
0.082
0.159
0.207
0.056
0.064
0.233
0.064
0.399
0.116
0.431
0.485
0.227
0.349
0.59
0.334
0.093
0.517
0.132
0.246
0.092
0.254
0.068
0.543
0.551
0.516
0.493
0.191
0.488
0.413
0.088
0.545
0.542
0.694
0.077
0.111
0.086
0.395
0.728
0.409
0.403
0.069
0.416
0.205
0.078
0.501
0.078
0.107
0.054
0.101
0.651
0.623
0.081
0.279
0.555
0.122
0.27
0.271
0.077
0.17
0.08
0.097
0.46
0.259
0.145
0.095
0.107
0.605
0.329
0.572
0.538
0.202
0.123
0.514
0.24
0.169
0.278
0.408
0.506
0.562
0.516
0.188
0.523
0.457
0.092
0.092
0.13
0.063
0.603
0.612
0.636
0.076
0.079
0.057
0.444
0.085
0.103
0.621
0.067
0.486
0.443
0.69
0.337
0.106
0.084
0.642
0.572
0.386
0.099
0.387
0.473
0.275
0.532
0.424
0.701
0.519
0.549
0.079
0.447
0.155
0.091
0.059
0.555
0.33
0.081
0.288
0.396
0.147
0.541
0.536
0.114
0.088
0.311
0.09
0.079
0.125
0.426
0.086
0.433
0.091
0.461
0.072
0.129
0.221
0.097
0.486
0.59
0.385
0.558
0.155
0.54
0.178
0.096
0.267
0.628
0.298
0.119
0.742
0.658
0.776
0.119
0.443
0.067
0.359
0.73
0.153
0.546
0.723
0.125
0.696
0.52
0.936
0.999
0.546
0.803
0.65
0.274
0.167
0.586
0.453
0.761
0.398
0.373
0.615
0.19
0.087
0.082
0.106
0.263
0.578
0.093
0.336
0.791
0.144
0.482
0.566
0.624
0.501
0.131
0.555
0.692
0.595
0.124
0.194
0.1
0.419
0.172
0.597
0.511
0.787
0.556
0.696
0.162
0.105
0.192
0.606
0.206
0.17
0.181
0.443
0.734
0.253
1.066
0.479
0.097
0.58
0.121
0.56
0.069
0.137
0.26
0.196
0.081
0.43
0.724
0.626
0.302
0.653
0.626
0.154
0.385
0.138
0.417
0.183
0.465
0.164
0.323
0.092
0.086
0.281
0.092
0.084
0.24
0.754
0.63
0.657
0.836
0.135
0.723
0.412
0.219
0.094
0.085
0.845
0.742
0.665
0.577
0.482
0.142
0.843
0.281
0.696
0.082
0.088
0.778
0.33
0.658
0.758
0.484
0.077
0.118
0.733
0.129
0.107
0.58
0.756
0.352
0.535
0.136
0.164
0.835
0.86
0.318
0.127
0.235
0.08
0.824
0.107
0.639
0.383
0.512
1.077
0.339
0.112
0.09
0.127
0.338
0.757
0.244
0.829
0.549
0.2
0.105
0.837
0.663
0.45
0.172
0.898
0.513
0.107
0.543
0.908
0.124
0.135
0.1
0.783
0.147
0.561
0.601
0.358
0.886
0.148
0.123
0.785
0.09
0.094
0.54
0.767
0.493
0.912
0.881
0.294
0.362
0.073
0.097
0.607
0.701
0.137
0.123
0.458
0.275
0.42
0.106
0.096
0.164
0.089
0.082
0.151
0.961
0.809
0.923
0.179
0.938
0.832
0.969
0.166
0.656
0.18
0.103
0.091
0.154
0.159
0.541
0.949
0.336
0.865
0.347
0.08
0.605
0.148
0.853
0.394
1.035
0.426
0.967
0.191
0.614
0.841
0.904
0.903
0.722
0.406
0.943
0.2
0.357
0.238
0.186
0.79
0.093
0.112
0.955
0.462
0.829
0.735
0.336
0.698
0.789
0.353
0.753
0.685
0.202
0.422
0.216
0.614
0.626
0.126
0.151
0.876
0.079
0.715
0.994
0.593
0.773
0.317
0.559
0.125
0.138
0.654
0.575
0.918
0.549
0.66
0.118
1.05
0.134
0.961
0.705
1.017
0.446
0.257
0.423
0.979
0.626
0.669
0.963
0.176
0.115
0.116
0.175
0.721
0.169
0.099
0.084
0.124
0.406
0.912
0.438
0.124
0.078
1.076
0.083
0.121
0.204
0.736
0.092
0.453
1.041
0.372
0.085
0.547
0.119
0.759
0.184
0.901
0.193
0.916
0.194
0.739
