10	0.018
11	0.018
12	0.019
13	0.019
14	0.02
15	0.02
16	0.02
17	0.02
18	0.021
19	0.021
20	0.022
21	0.022
22	0.022
23	0.022
24	0.023
25	0.023
26	0.024
27	0.024
28	0.024
29	0.025
30	0.026
31	0.026
32	0.026
33	0.027
34	0.027
35	0.027
36	0.028
37	0.028
38	0.028
39	0.028
40	0.029
41	0.029
42	0.03
43	0.03
44	0.03
45	0.03
46	0.03
47	0.03
48	0.031
49	0.031
50	0.031
51	0.032
52	0.032
53	0.032
54	0.032
55	0.032
56	0.032
57	0.032
58	0.033
59	0.034
60	0.034
61	0.035
62	0.036
63	0.036
64	0.036
65	0.037
66	0.037
67	0.037
68	0.038
69	0.038
70	0.039
71	0.039
72	0.039
73	0.039
74	0.039
75	0.039
76	0.04
77	0.041
78	0.041
79	0.041
80	0.041
81	0.042
82	0.042
83	0.042
84	0.042
85	0.043
86	0.043
87	0.043
88	0.044
89	0.044
90	0.044
91	0.044
92	0.044
93	0.045
94	0.045
95	0.045
96	0.045
97	0.046
98	0.046
99	0.046
100	0.047
101	0.047
102	0.047
103	0.047
104	0.047
105	0.048
106	0.05
107	0.05
108	0.051
109	0.051
110	0.051
111	0.051
112	0.051
113	0.052
114	0.052
115	0.052
116	0.052
117	0.054
118	0.054
119	0.054
120	0.054
121	0.055
122	0.056
123	0.056
124	0.056
125	0.056
126	0.056
127	0.056
128	0.057
129	0.057
130	0.057
131	0.057
132	0.057
133	0.057
134	0.057
135	0.058
136	0.058
137	0.058
138	0.058
139	0.058
140	0.058
141	0.059
142	0.059
143	0.059
144	0.059
145	0.06
146	0.06
147	0.06
148	0.061
149	0.061
150	0.061
151	0.062
152	0.062
153	0.062
154	0.062
155	0.062
156	0.062
157	0.062
158	0.063
159	0.063
160	0.063
161	0.063
162	0.064
163	0.064
164	0.064
165	0.064
166	0.064
167	0.065
168	0.065
169	0.066
170	0.066
171	0.066
172	0.066
173	0.067
174	0.067
175	0.067
176	0.067
177	0.067
178	0.068
179	0.068
180	0.068
181	0.068
182	0.068
183	0.069
184	0.069
185	0.069
186	0.069
187	0.069
188	0.069
189	0.07
190	0.07
191	0.071
192	0.071
193	0.071
194	0.071
195	0.071
196	0.072
197	0.072
198	0.072
199	0.072
200	0.072
201	0.073
202	0.073
203	0.073
204	0.073
205	0.074
206	0.074
207	0.075
208	0.075
209	0.075
210	0.076
211	0.076
212	0.076
213	0.077
214	0.077
215	0.077
216	0.077
217	0.077
218	0.077
219	0.078
220	0.078
221	0.078
222	0.078
223	0.078
224	0.078
225	0.079
226	0.079
227	0.079
228	0.079
229	0.079
230	0.08
231	0.08
232	0.08
233	0.08
234	0.08
235	0.081
236	0.081
237	0.081
238	0.081
239	0.081
240	0.081
241	0.081
242	0.081
243	0.082
244	0.082
245	0.082
246	0.082
247	0.082
248	0.082
249	0.082
250	0.083
251	0.083
252	0.083
253	0.083
254	0.084
255	0.084
256	0.084
257	0.084
258	0.084
259	0.084
260	0.085
261	0.085
262	0.085
263	0.085
264	0.085
265	0.085
266	0.086
267	0.086
268	0.086
269	0.086
270	0.086
271	0.086
272	0.087
273	0.087
274	0.088
275	0.088
276	0.088
277	0.088
278	0.088
279	0.088
280	0.089
281	0.089
282	0.089
283	0.089
284	0.09
285	0.09
286	0.09
287	0.09
288	0.09
289	0.091
290	0.091
291	0.091
292	0.091
293	0.091
294	0.092
295	0.092
296	0.092
297	0.092
298	0.092
299	0.092
300	0.092
301	0.093
302	0.093
303	0.093
304	0.093
305	0.093
306	0.094
307	0.094
308	0.094
309	0.094
310	0.094
311	0.094
312	0.095
313	0.095
314	0.095
315	0.095
316	0.096
317	0.096
318	0.096
319	0.096
320	0.096
321	0.097
322	0.097
323	0.097
324	0.097
325	0.097
326	0.098
327	0.098
328	0.098
329	0.098
330	0.099
331	0.099
332	0.099
333	0.099
334	0.1
335	0.1
336	0.1
337	0.1
338	0.101
339	0.101
340	0.101
341	0.102
342	0.103
343	0.103
344	0.103
345	0.103
346	0.103
347	0.104
348	0.104
349	0.104
350	0.104
351	0.104
352	0.105
353	0.105
354	0.105
355	0.105
356	0.105
357	0.106
358	0.106
359	0.106
360	0.106
361	0.106
362	0.106
363	0.107
364	0.107
365	0.107
366	0.107
367	0.107
368	0.107
369	0.108
370	0.108
371	0.108
372	0.109
373	0.109
374	0.111
375	0.112
376	0.112
377	0.112
378	0.112
379	0.113
380	0.113
381	0.113
382	0.114
383	0.115
384	0.115
385	0.116
386	0.116
387	0.116
388	0.117
389	0.117
390	0.118
391	0.118
392	0.118
393	0.118
394	0.118
395	0.118
396	0.119
397	0.119
398	0.119
399	0.119
400	0.121
401	0.121
402	0.122
403	0.122
404	0.123
405	0.123
406	0.123
407	0.124
408	0.124
409	0.124
410	0.124
411	0.124
412	0.124
413	0.125
414	0.125
415	0.125
416	0.125
417	0.125
418	0.125
419	0.126
420	0.126
421	0.126
422	0.126
423	0.127
424	0.127
425	0.127
426	0.127
427	0.128
428	0.129
429	0.129
430	0.129
431	0.13
432	0.13
433	0.131
434	0.131
435	0.132
436	0.132
437	0.133
438	0.134
439	0.134
440	0.135
441	0.135
442	0.135
443	0.135
444	0.136
445	0.136
446	0.137
447	0.137
448	0.137
449	0.137
450	0.137
451	0.138
452	0.138
453	0.138
454	0.138
455	0.139
456	0.14
457	0.142
458	0.142
459	0.142
460	0.142
461	0.143
462	0.144
463	0.144
464	0.144
465	0.144
466	0.144
467	0.144
468	0.145
469	0.145
470	0.145
471	0.145
472	0.146
473	0.146
474	0.147
475	0.147
476	0.147
477	0.148
478	0.148
479	0.148
480	0.148
481	0.15
482	0.151
483	0.151
484	0.151
485	0.152
486	0.152
487	0.152
488	0.152
489	0.153
490	0.153
491	0.154
492	0.154
493	0.154
494	0.154
495	0.155
496	0.155
497	0.155
498	0.157
499	0.157
500	0.157
501	0.158
502	0.159
503	0.159
504	0.159
505	0.16
506	0.161
507	0.162
508	0.163
509	0.163
510	0.164
511	0.164
512	0.164
513	0.165
514	0.166
515	0.166
516	0.167
517	0.167
518	0.169
519	0.169
520	0.169
521	0.17
522	0.17
523	0.17
524	0.172
525	0.172
526	0.172
527	0.175
528	0.176
529	0.176
530	0.177
531	0.178
532	0.179
533	0.179
534	0.18
535	0.18
536	0.181
537	0.182
538	0.182
539	0.183
540	0.184
541	0.186
542	0.186
543	0.186
544	0.187
545	0.187
546	0.187
547	0.188
548	0.188
549	0.188
550	0.188
551	0.188
552	0.19
553	0.19
554	0.191
555	0.191
556	0.191
557	0.192
558	0.192
559	0.193
560	0.194
561	0.194
562	0.194
563	0.194
564	0.195
565	0.195
566	0.195
567	0.196
568	0.197
569	0.198
570	0.199
571	0.2
572	0.2
573	0.2
574	0.201
575	0.202
576	0.202
577	0.203
578	0.203
579	0.204
580	0.205
581	0.205
582	0.206
583	0.207
584	0.208
585	0.209
586	0.21
587	0.21
588	0.211
589	0.214
590	0.216
591	0.219
592	0.22
593	0.221
594	0.222
595	0.224
596	0.225
597	0.226
598	0.227
599	0.228
600	0.228
601	0.229
602	0.229
603	0.23
604	0.233
605	0.233
606	0.235
607	0.235
608	0.236
609	0.236
610	0.238
611	0.239
612	0.239
613	0.24
614	0.24
615	0.24
616	0.241
617	0.244
618	0.244
619	0.246
620	0.249
621	0.25
622	0.251
623	0.253
624	0.254
625	0.254
626	0.256
627	0.256
628	0.257
629	0.257
630	0.257
631	0.259
632	0.259
633	0.26
634	0.26
635	0.263
636	0.267
637	0.27
638	0.271
639	0.271
640	0.274
641	0.275
642	0.275
643	0.278
644	0.278
645	0.279
646	0.279
647	0.281
648	0.281
649	0.281
650	0.282
651	0.284
652	0.284
653	0.284
654	0.285
655	0.288
656	0.289
657	0.294
658	0.294
659	0.296
660	0.298
661	0.302
662	0.306
663	0.306
664	0.306
665	0.31
666	0.31
667	0.311
668	0.311
669	0.312
670	0.314
671	0.315
672	0.317
673	0.317
674	0.317
675	0.318
676	0.318
677	0.319
678	0.319
679	0.322
680	0.322
681	0.323
682	0.324
683	0.326
684	0.328
685	0.329
686	0.329
687	0.329
688	0.329
689	0.329
690	0.33
691	0.33
692	0.332
693	0.333
694	0.334
695	0.336
696	0.336
697	0.336
698	0.337
699	0.337
700	0.338
701	0.339
702	0.347
703	0.349
704	0.349
705	0.35
706	0.35
707	0.352
708	0.352
709	0.353
710	0.355
711	0.357
712	0.358
713	0.359
714	0.359
715	0.36
716	0.361
717	0.362
718	0.364
719	0.366
720	0.367
721	0.372
722	0.373
723	0.373
724	0.375
725	0.376
726	0.376
727	0.378
728	0.381
729	0.383
730	0.385
731	0.385
732	0.386
733	0.387
734	0.394
735	0.394
736	0.395
737	0.396
738	0.398
739	0.399
740	0.4
741	0.401
742	0.403
743	0.406
744	0.406
745	0.408
746	0.408
747	0.409
748	0.41
749	0.411
750	0.412
751	0.413
752	0.414
753	0.416
754	0.417
755	0.417
756	0.417
757	0.419
758	0.42
759	0.422
760	0.422
761	0.423
762	0.423
763	0.424
764	0.426
765	0.426
766	0.427
767	0.427
768	0.43
769	0.43
770	0.431
771	0.431
772	0.433
773	0.438
774	0.44
775	0.442
776	0.443
777	0.443
778	0.443
779	0.443
780	0.444
781	0.446
782	0.446
783	0.446
784	0.447
785	0.45
786	0.453
787	0.453
788	0.453
789	0.454
790	0.456
791	0.457
792	0.458
793	0.46
794	0.46
795	0.461
796	0.462
797	0.464
798	0.465
799	0.465
800	0.465
801	0.466
802	0.466
803	0.472
804	0.473
805	0.473
806	0.475
807	0.479
808	0.482
809	0.482
810	0.484
811	0.485
812	0.486
813	0.486
814	0.488
815	0.49
816	0.493
817	0.493
818	0.494
819	0.495
820	0.499
821	0.501
822	0.501
823	0.506
824	0.511
825	0.512
826	0.513
827	0.513
828	0.514
829	0.516
830	0.516
831	0.517
832	0.519
833	0.52
834	0.52
835	0.523
836	0.527
837	0.529
838	0.532
839	0.535
840	0.536
841	0.537
842	0.538
843	0.54
844	0.54
845	0.541
846	0.541
847	0.542
848	0.543
849	0.543
850	0.545
851	0.546
852	0.546
853	0.547
854	0.549
855	0.549
856	0.549
857	0.549
858	0.55
859	0.551
860	0.555
861	0.555
862	0.555
863	0.555
864	0.556
865	0.558
866	0.559
867	0.56
868	0.561
869	0.562
870	0.566
871	0.57
872	0.572
873	0.572
874	0.575
875	0.577
876	0.578
877	0.58
878	0.58
879	0.586
880	0.59
881	0.59
882	0.593
883	0.595
884	0.597
885	0.601
886	0.603
887	0.605
888	0.605
889	0.606
890	0.607
891	0.612
892	0.614
893	0.614
894	0.615
895	0.621
896	0.623
897	0.624
898	0.626
899	0.626
900	0.626
901	0.626
902	0.628
903	0.63
904	0.636
905	0.639
906	0.642
907	0.65
908	0.651
909	0.653
910	0.654
911	0.656
912	0.657
913	0.658
914	0.658
915	0.66
916	0.663
917	0.665
918	0.669
919	0.685
920	0.69
921	0.692
922	0.694
923	0.696
924	0.696
925	0.696
926	0.698
927	0.701
928	0.701
929	0.705
930	0.715
931	0.721
932	0.722
933	0.723
934	0.723
935	0.724
936	0.728
937	0.73
938	0.733
939	0.734
940	0.735
941	0.736
942	0.739
943	0.742
944	0.742
945	0.753
946	0.754
947	0.756
948	0.757
949	0.758
950	0.759
951	0.761
952	0.767
953	0.773
954	0.776
955	0.778
956	0.783
957	0.785
958	0.787
959	0.789
960	0.79
961	0.791
962	0.803
963	0.809
964	0.824
965	0.829
966	0.829
967	0.832
968	0.835
969	0.836
970	0.837
971	0.841
972	0.843
973	0.845
974	0.853
975	0.86
976	0.865
977	0.876
978	0.881
979	0.886
980	0.898
981	0.901
982	0.903
983	0.904
984	0.908
985	0.912
986	0.912
987	0.916
988	0.918
989	0.923
990	0.936
991	0.938
992	0.943
993	0.949
994	0.955
995	0.961
996	0.961
997	0.963
998	0.967
999	0.969
1000	0.979
1001	0.994
1002	0.999
1003	1.017
1004	1.035
1005	1.041
1006	1.05
1007	1.066
1008	1.076
1009	1.077
