0.019
0.02
0.02
0.02
0.021
0.021
0.021
0.022
0.022
0.022
0.023
0.024
0.025
0.027
0.027
0.027
0.027
0.027
0.027
0.028
0.028
0.029
0.029
0.03
0.03
0.03
0.03
0.03
0.03
0.03
0.031
0.031
0.031
0.031
0.031
0.032
0.033
0.033
0.034
0.034
0.035
0.036
0.036
0.036
0.036
0.036
0.036
0.036
0.036
0.037
0.037
0.037
0.037
0.037
0.037
0.038
0.038
0.038
0.038
0.038
0.038
0.039
0.039
0.039
0.04
0.041
0.041
0.041
0.041
0.041
0.041
0.042
0.042
0.042
0.042
0.042
0.042
0.042
0.043
0.043
0.043
0.043
0.044
0.044
0.044
0.044
0.044
0.044
0.045
0.045
0.046
0.046
0.046
0.046
0.046
0.047
0.047
0.047
0.047
0.048
0.048
0.048
0.048
0.048
0.048
0.048
0.048
0.049
0.049
0.049
0.049
0.049
0.05
0.05
0.05
0.051
0.051
0.051
0.051
0.051
0.051
0.052
0.052
0.052
0.052
0.052
0.053
0.053
0.053
0.053
0.053
0.054
0.054
0.054
0.054
0.055
0.055
0.055
0.055
0.055
0.055
0.056
0.056
0.056
0.056
0.057
0.058
0.058
0.058
0.059
0.059
0.059
0.06
0.06
0.06
0.06
0.061
0.061
0.061
0.062
0.062
0.062
0.063
0.063
0.063
0.063
0.063
0.063
0.064
0.064
0.064
0.064
0.064
0.065
0.065
0.065
0.065
0.065
0.066
0.066
0.066
0.066
0.066
0.067
0.067
0.067
0.067
0.067
0.067
0.067
0.067
0.068
0.068
0.068
0.068
0.069
0.069
0.069
0.069
0.069
0.069
0.07
0.07
0.07
0.07
0.07
0.071
0.071
0.071
0.072
0.072
0.072
0.072
0.073
0.073
0.073
0.073
0.073
0.073
0.074
0.074
0.074
0.074
0.074
0.074
0.074
0.074
0.074
0.075
0.075
0.075
0.075
0.075
0.075
0.075
0.076
0.076
0.076
0.076
0.077
0.077
0.077
0.077
0.077
0.077
0.077
0.077
0.078
0.078
0.078
0.078
0.079
0.079
0.08
0.08
0.08
0.08
0.08
0.081
0.081
0.081
0.081
0.082
0.082
0.082
0.082
0.083
0.083
0.083
0.084
0.085
0.086
0.086
0.087
0.087
0.087
0.087
0.087
0.087
0.088
0.088
0.088
0.088
0.089
0.089
0.09
0.09
0.09
0.09
0.091
0.091
0.091
0.091
0.092
0.092
0.092
0.092
0.092
0.092
0.092
0.093
0.093
0.093
0.093
0.093
0.093
0.094
0.094
0.094
0.094
0.094
0.095
0.095
0.095
0.095
0.095
0.095
0.096
0.096
0.097
0.097
0.097
0.098
0.098
0.098
0.099
0.099
0.099
0.099
0.1
0.1
0.1
0.1
0.1
0.1
0.101
0.101
0.101
0.101
0.101
0.101
0.102
0.102
0.102
0.103
0.103
0.103
0.103
0.104
0.104
0.104
0.104
0.104
0.105
0.105
0.105
0.106
0.106
0.106
0.106
0.106
0.107
0.107
0.107
0.108
0.108
0.108
0.108
0.109
0.11
0.111
0.111
0.111
0.111
0.111
0.112
0.112
0.112
0.112
0.112
0.112
0.112
0.113
0.113
0.113
0.113
0.114
0.114
0.114
0.115
0.115
0.115
0.115
0.115
0.115
0.116
0.117
0.117
0.117
0.118
0.118
0.118
0.119
0.119
0.119
0.119
0.12
0.12
0.12
0.12
0.121
0.122
0.122
0.123
0.123
0.123
0.124
0.124
0.125
0.125
0.126
0.126
0.126
0.127
0.127
0.127
0.127
0.128
0.128
0.129
0.129
0.129
0.129
0.13
0.13
0.13
0.13
0.131
0.132
0.132
0.132
0.132
0.132
0.133
0.133
0.133
0.134
0.134
0.134
0.135
0.135
0.135
0.136
0.136
0.136
0.136
0.137
0.137
0.137
0.137
0.137
0.138
0.138
0.14
0.14
0.14
0.14
0.14
0.14
0.141
0.142
0.143
0.143
0.144
0.144
0.145
0.145
0.145
0.145
0.146
0.147
0.147
0.147
0.147
0.147
0.148
0.148
0.148
0.149
0.149
0.149
0.149
0.15
0.15
0.151
0.153
0.153
0.153
0.154
0.154
0.154
0.154
0.156
0.156
0.156
0.156
0.157
0.157
0.157
0.158
0.158
0.159
0.159
0.159
0.16
0.16
0.16
0.16
0.161
0.164
0.165
0.165
0.165
0.165
0.165
0.166
0.166
0.168
0.169
0.17
0.17
0.171
0.171
0.172
0.173
0.173
0.173
0.174
0.175
0.175
0.177
0.177
0.178
0.179
0.18
0.18
0.182
0.183
0.183
0.183
0.184
0.184
0.184
0.185
0.185
0.185
0.185
0.186
0.186
0.187
0.187
0.189
0.189
0.19
0.191
0.191
0.191
0.191
0.193
0.193
0.194
0.194
0.194
0.194
0.194
0.195
0.195
0.196
0.197
0.197
0.197
0.199
0.199
0.199
0.2
0.2
0.201
0.203
0.203
0.204
0.205
0.206
0.206
0.206
0.206
0.208
0.208
0.208
0.209
0.21
0.21
0.211
0.211
0.211
0.212
0.212
0.213
0.214
0.215
0.218
0.218
0.219
0.219
0.221
0.222
0.223
0.225
0.225
0.225
0.226
0.227
0.227
0.228
0.228
0.229
0.229
0.23
0.23
0.232
0.233
0.233
0.236
0.236
0.237
0.239
0.241
0.241
0.242
0.243
0.246
0.246
0.247
0.249
0.251
0.253
0.254
0.256
0.256
0.257
0.262
0.262
0.263
0.263
0.267
0.267
0.267
0.268
0.269
0.27
0.271
0.272
0.272
0.273
0.274
0.274
0.275
0.277
0.279
0.279
0.28
0.281
0.282
0.283
0.285
0.286
0.286
0.286
0.287
0.287
0.289
0.291
0.293
0.294
0.295
0.296
0.298
0.299
0.3
0.3
0.301
0.302
0.302
0.303
0.303
0.304
0.304
0.305
0.306
0.308
0.309
0.31
0.31
0.313
0.313
0.313
0.315
0.315
0.315
0.316
0.316
0.317
0.319
0.32
0.322
0.323
0.323
0.327
0.329
0.33
0.332
0.335
0.336
0.336
0.337
0.339
0.339
0.341
0.341
0.343
0.345
0.346
0.348
0.348
0.348
0.348
0.35
0.35
0.352
0.353
0.353
0.356
0.356
0.357
0.357
0.358
0.359
0.359
0.36
0.361
0.362
0.364
0.365
0.365
0.366
0.366
0.367
0.367
0.37
0.375
0.376
0.377
0.378
0.38
0.381
0.382
0.384
0.384
0.386
0.386
0.389
0.39
0.396
0.396
0.399
0.399
0.401
0.401
0.402
0.402
0.403
0.406
0.407
0.408
0.412
0.415
0.417
0.419
0.42
0.421
0.423
0.424
0.424
0.426
0.427
0.43
0.431
0.434
0.434
0.436
0.436
0.438
0.439
0.441
0.442
0.443
0.444
0.444
0.444
0.445
0.447
0.448
0.449
0.449
0.451
0.451
0.454
0.454
0.454
0.458
0.458
0.459
0.465
0.466
0.467
0.468
0.469
0.473
0.473
0.475
0.477
0.477
0.482
0.483
0.484
0.487
0.489
0.489
0.491
0.492
0.495
0.496
0.499
0.503
0.507
0.508
0.51
0.512
0.514
0.514
0.514
0.515
0.519
0.522
0.528
0.528
0.531
0.532
0.532
0.532
0.538
0.539
0.54
0.543
0.548
0.55
0.55
0.55
0.551
0.551
0.553
0.557
0.557
0.559
0.562
0.564
0.566
0.567
0.567
0.571
0.576
0.578
0.581
0.588
0.59
0.59
0.591
0.591
0.593
0.594
0.6
0.604
0.605
0.606
0.609
0.609
0.61
0.615
0.616
0.618
0.618
0.621
0.623
0.624
0.626
0.631
0.633
0.635
0.635
0.637
0.638
0.64
0.64
0.646
0.646
0.65
0.651
0.654
0.655
0.656
0.657
0.66
0.66
0.661
0.662
0.662
0.664
0.664
0.667
0.671
0.672
0.674
0.675
0.678
0.679
0.679
0.684
0.686
0.686
0.69
0.697
0.708
0.71
0.71
0.711
0.712
0.713
0.713
0.715
0.718
0.727
0.727
0.727
0.73
0.733
0.734
0.739
0.75
0.752
0.753
0.753
0.761
0.774
0.779
0.781
0.788
0.79
0.797
0.797
0.812
0.816
0.828
0.831
0.832
0.839
0.839
0.843
0.844
0.853
0.855
0.857
0.864
0.885
0.888
0.894
0.904
0.911
0.92
0.922
0.939
0.952
0.965
0.976
0.985
1.003
1.009
1.017
1.04
1.09
1.17
1.401
